0.00171562
0.00222654
0.000558345
0.0265508
0.00988416
0.00398475
0.00643744
0.00480517
0.00773575
0.000414185
0.00298811
0.0059931
0.00918028
0.00167204
0.00490541
0.00850249
0.00127522
0.00683845
0.007885
0.000658374
0.00593486
0.00812582
0.00124687
0.00400233
0.00828323
0.0118534
0.00894841
0.0080795
0.00219677
0.00548146
0.00740428
0.0132183
0.00539575
0.00227846
0.00310114
0.00412075
0.00838369
0.00245157
0.00696533
0.00365046
0.00102261
0.0138564
0.0118893
0.0101749
0.00822379
0.00703928
0.00545383
0.00321985
0.00170241
0.000647471
0.0137815
0.0219356
0.00526896
0.0106571
0.00956427
0.00566693
0.00387301
0.0024582
0.000935624
0.0144603
0.0127882
0.0112676
0.0094326
0.00793183
0.00612508
0.00444726
0.00277971
0.00134373
3.54125e-05
0.014038
0.0130376
0.0114085
0.00994493
0.00844096
0.00697804
0.00487748
0.00580216
0.00343218
0.00206549
0.000805276
0.0146096
0.0130793
0.0113496
0.00970061
0.00813954
0.00630328
0.00471527
0.00316383
0.00169642
0.000196938
0.0138621
0.0121169
0.0103666
0.00879783
0.00708666
0.00497328
0.00325056
0.00152014
9.11104e-06
0.0130745
0.0113126
0.00951419
0.00799675
0.00635293
0.00416193
0.00239367
0.000707511
0.0141828
0.0127308
0.0108631
0.00894597
0.00716103
0.00496682
0.00324089
0.00172794
0.0148401
0.0130289
0.0113171
0.00953147
0.00754061
0.00482488
0.0034986
0.00200553
0.000564418
0.0133103
0.0112534
0.00955696
0.00739098
0.00494723
0.00309686
0.0011169
0.0139071
0.0120528
0.0102345
0.00833797
0.00611233
0.00420487
0.00254501
0.000792787
0.013803
0.0122894
0.01021
0.00834358
0.00656505
0.0042496
0.00226452
0.000359615
0.0134064
0.0115412
0.00950547
0.00828696
0.00542561
0.00356625
0.00176976
3.35715e-05
0.0280615
0.0113948
0.00328935
0.0175126
0.000845902
0.00460785
0.00215191
0.000218789
0.0128402
0.0109796
0.00932936
0.00719417
0.00528221
0.00368779
0.00195288
0.00027186
0.01352
0.012238
0.0101304
0.00872586
0.00642837
0.0046075
0.00297716
0.00133142
0.0143673
0.0123552
0.0105613
0.00848064
0.00607153
0.00458873
0.00283586
0.00107529
0.0143838
0.0129638
0.0111192
0.00978011
0.0104347
0.00601329
0.00715414
0.00412088
0.0066685
0.00544677
0.00472541
0.00520361
0.00422629
0.00348055
0.00192269
0.000975519
0.0142025
0.0125318
0.0111176
0.00950521
0.00804422
0.00581344
0.00429664
0.00277214
0.00163381
0.0151283
0.0135711
0.0120973
0.0106959
0.00915154
0.00732811
0.00578564
0.0045806
0.0033608
0.00183181
0.000565183
6.0638e-05
0.0140003
0.0126413
0.0114703
0.0100221
0.00849056
0.00727461
0.00571354
0.00471441
0.00461464
0.00194445
0.000668846
0.0147907
0.0133509
0.0124268
0.0113347
0.0095029
0.00909778
0.00836872
0.00643046
0.00547623
0.00432636
0.00327591
0.0022678
0.00113653
0.000257998
0.0146172
0.0130266
0.0116548
0.0099956
0.0079701
0.00630832
0.00529059
0.00372183
0.00258734
0.000816515
0.0148518
0.0191859
0.00251926
0.0100801
0.00843881
0.00659549
0.00431468
0.0029281
0.00134137
0.0169836
0.000316886
0.0107445
0.00833921
0.00633167
0.00454031
0.00276307
0.00108589
0.014311
0.013086
0.011863
0.0092493
0.00734055
0.00537535
0.0033383
0.00123262
0.0139067
0.0117009
0.00890114
0.00704628
0.00476611
0.00237433
0.000363584
0.0117547
0.00892218
0.00621479
0.00383519
0.00781396
0.00248997
0.0101072
0.00803745
0.00482136
0.00225125
0.0174495
0.000782854
0.00791258
0.00543483
0.00303343
0.00105796
0.00850778
0.00424544
0.000484093
0.00555017
0.000517408
0.00566752
0.000170966
0.00586698
0.0100048
0.00524983
0.0186026
0.00193589
0.00886996
0.00255103
0.0110869
0.00562112
0.0120202
0.00608551
0.0104517
0.00399616
0.000637666
0.00681158
0.0153782
0.00971937
0.00413815
0.00805597
0.000843454
0.00653369
0.00119815
0.00686401
0.0118627
0.00700253
0.00158745
0.00923228
0.00430728
0.00769974
0.00210119
0.00756755
0.00505966
0.0099551
0.00360473
0.00566419
0.000231141
0.0192302
0.00256352
0.0103976
0.00433076
0.0109672
0.00540905
0.00691683
0.000309229
0.00557288
0.00271987
0.00911831
0.00922381
0.00366054
0.0174257
0.000759079
0.00286023
0.00796993
0.0117588
0.00525963
0.00849941
0.00266608
0.00828639
0.00367508
0.00902598
0.00449998
0.010783
0.00634164
0.00591599
0.000518224
0.00629763
0.0143485
0.00913999
0.00312704
0.0118585
0.00607653
0.00675873
0.00806893
0.00995198
0.00452855
0.0135397
0.00751012
0.00932901
0.0158724
0.0059644
0.0072265
0.00715302
0.0101439
0.00435677
0.0117758
0.00758273
0.00378803
0.0111455
0.00715127
0.00277218
0.00991601
0.00569408
0.00147215
